1 12 64 242 1472 16 
2 12 320 178 192 16 
3 12 1280 146 192 16 
4 12 832 178 128 16 
5 12 1216 50 128 16 
6 12 576 50 128 16 
7 12 512 114 64 16 
8 12 704 114 64 16 
9 12 1792 242 320 16 
10 12 2368 242 512 16 
11 12 2752 306 1024 16 
12 12 3200 178 448 16 
13 12 3456 50 384 16 
14 12 3008 146 128 16 
15 12 2816 50 192 16 
16 12 4352 178 192 16 
17 12 3712 242 448 16 
18 12 4096 306 320 16 
19 12 3840 114 128 16 
20 12 4032 114 128 16 
21 12 4480 242 128 16 
22 12 4672 178 128 16 
23 12 4928 242 128 16 
24 12 4992 306 128 16 
25 12 4224 146 64 16 
26 12 4672 50 64 16 
27 12 4992 50 64 16 
28 12 5056 146 64 16 
29 12 4736 114 192 16 
30 12 5440 50 192 16 
31 12 5184 242 128 16 
32 12 5696 114 128 16 
33 12 5888 178 128 16 
34 12 5248 178 320 16 
35 12 6016 242 256 16 
36 12 6080 146 192 16 
38 12 6336 114 64 16 
38 12 6272 178 64 16 
39 12 6016 50 448 16 
40 40 0 40 576 16 
41 40 704 40 512 16 
42 40 1344 40 1472 16 
43 7 1537 256 256 64 
44 7 2113 256 256 64 
45 40 3008 40 448 16 
46 50 639 188 64 64 
47 6 612 114 48 64 
48 6 1252 113 48 64 
49 11 2492 194 64 64 
50 6 2537 306 48 64 
51 48 3137 191 64 64 
52 11 3264 255 64 64 
53 11 3647 256 64 64 
54 1 4097 192 64 64 
55 1 4352 382 64 64 
56 52 4545 128 64 64 
57 6 4708 242 48 64 
58 1 5504 255 64 64 
59 11 5952 126 64 64 
60 11 6209 126 64 64 
61 6 6446 372 48 64 
62 19 6439 222 24 12 
63 19 6475 222 24 12 
0 -1 0 240 512 448 
0 -1 40 240 36 46 
66 23 2600 306 48 64 
67 23 2677 306 48 64 
0 -1 0 240 512 448 
0 -1 40 240 36 46 
