00 0 0 3328 3328 
01 3328 0 3328 3328 
10 3328 3328 3328 3328 
11 0 3328 3328 3328 
0000 0 0 1664 1664 
0001 1664 0 1664 1664 
0010 1664 1664 1664 1664 
0011 0 1664 1664 1664 
000000 0 0 832 832 
000001 832 0 832 832 
000010 832 832 832 832 
000011 0 832 832 832 
00000000 0 0 416 416 1,2,40, 
00000001 416 0 416 416 1,2,4,6,7,8,40,41,46,49,51,52, 
00000010 416 416 416 416 
00000011 0 416 416 416 
00000100 832 0 416 416 1,4,5,41, 
00000101 1248 0 416 416 1,3,5,42,44,47,48,50,53, 
00000110 1248 416 416 416 
00000111 832 416 416 416 
00001100 0 832 416 416 
00001101 416 832 416 416 
00001110 416 1248 416 416 
00001111 0 1248 416 416 
00001000 832 832 416 416 
00001001 1248 832 416 416 
00001010 1248 1248 416 416 
00001011 832 1248 416 416 
000100 1664 0 832 832 
000101 2496 0 832 832 
000110 2496 832 832 832 
000111 1664 832 832 832 
00010000 1664 0 416 416 9,42,44, 
00010001 2080 0 416 416 9,11,42,45,54,55,56,58,59, 
00010010 2080 416 416 416 
00010011 1664 416 416 416 
00010100 2496 0 416 416 11,12,14,42,57,59,60, 
00010101 2912 0 416 416 10,12,13,14,43,61,62,63,64,65,66, 
00010110 2912 416 416 416 
00010111 2496 416 416 416 
00011100 1664 832 416 416 
00011101 2080 832 416 416 
00011110 2080 1248 416 416 
00011111 1664 1248 416 416 
00011000 2496 832 416 416 
00011001 2912 832 416 416 
00011010 2912 1248 416 416 
00011011 2496 1248 416 416 
001100 0 1664 832 832 
001101 832 1664 832 832 
001110 832 2496 832 832 
001111 0 2496 832 832 
00110000 0 1664 416 416 
00110001 416 1664 416 416 
00110010 416 2080 416 416 
00110011 0 2080 416 416 
00110100 832 1664 416 416 
00110101 1248 1664 416 416 
00110110 1248 2080 416 416 
00110111 832 2080 416 416 
00111100 0 2496 416 416 
00111101 416 2496 416 416 
00111110 416 2912 416 416 
00111111 0 2912 416 416 
00111000 832 2496 416 416 
00111001 1248 2496 416 416 
00111010 1248 2912 416 416 
00111011 832 2912 416 416 
001000 1664 1664 832 832 
001001 2496 1664 832 832 
001010 2496 2496 832 832 
001011 1664 2496 832 832 
00100000 1664 1664 416 416 
00100001 2080 1664 416 416 
00100010 2080 2080 416 416 
00100011 1664 2080 416 416 
00100100 2496 1664 416 416 
00100101 2912 1664 416 416 
00100110 2912 2080 416 416 
00100111 2496 2080 416 416 
00101100 1664 2496 416 416 
00101101 2080 2496 416 416 
00101110 2080 2912 416 416 
00101111 1664 2912 416 416 
00101000 2496 2496 416 416 
00101001 2912 2496 416 416 
00101010 2912 2912 416 416 
00101011 2496 2912 416 416 
0100 3328 0 1664 1664 
0101 4992 0 1664 1664 
0110 4992 1664 1664 1664 
0111 3328 1664 1664 1664 
010000 3328 0 832 832 
010001 4160 0 832 832 
010010 4160 832 832 832 
010011 3328 832 832 832 
01000000 3328 0 416 416 10,14,15,16,43,66,67,68,69,70,71,72, 
01000001 3744 0 416 416 14,15,16,17,18,19,73,74, 
01000010 3744 416 416 416 
01000011 3328 416 416 416 
01000100 4160 0 416 416 16,17,19,20,25,27,75,76,77,78,79, 
01000101 4576 0 416 416 20,21,22,23,26,28,29,77,78,79,80, 
01000110 4576 416 416 416 
01000111 4160 416 416 416 
01001100 3328 832 416 416 
01001101 3744 832 416 416 
01001110 3744 1248 416 416 
01001111 3328 1248 416 416 
01001000 4160 832 416 416 
01001001 4576 832 416 416 
01001010 4576 1248 416 416 
01001011 4160 1248 416 416 
010100 4992 0 832 832 
010101 5824 0 832 832 
010110 5824 832 832 832 
010111 4992 832 832 832 
01010000 4992 0 416 416 22,23,24,29,30,33, 
01010001 5408 0 416 416 33,36,37,81, 
01010010 5408 416 416 416 
01010011 4992 416 416 416 
01010100 5824 0 416 416 34,35,37,38,39,82,83, 
01010101 6240 0 416 416 31,32,34,35,39,83,84,85,86, 
01010110 6240 416 416 416 
01010111 5824 416 416 416 
01011100 4992 832 416 416 
01011101 5408 832 416 416 
01011110 5408 1248 416 416 
01011111 4992 1248 416 416 
01011000 5824 832 416 416 
01011001 6240 832 416 416 
01011010 6240 1248 416 416 
01011011 5824 1248 416 416 
011100 3328 1664 832 832 
011101 4160 1664 832 832 
011110 4160 2496 832 832 
011111 3328 2496 832 832 
01110000 3328 1664 416 416 
01110001 3744 1664 416 416 
01110010 3744 2080 416 416 
01110011 3328 2080 416 416 
01110100 4160 1664 416 416 
01110101 4576 1664 416 416 
01110110 4576 2080 416 416 
01110111 4160 2080 416 416 
01111100 3328 2496 416 416 
01111101 3744 2496 416 416 
01111110 3744 2912 416 416 
01111111 3328 2912 416 416 
01111000 4160 2496 416 416 
01111001 4576 2496 416 416 
01111010 4576 2912 416 416 
01111011 4160 2912 416 416 
011000 4992 1664 832 832 
011001 5824 1664 832 832 
011010 5824 2496 832 832 
011011 4992 2496 832 832 
01100000 4992 1664 416 416 
01100001 5408 1664 416 416 
01100010 5408 2080 416 416 
01100011 4992 2080 416 416 
01100100 5824 1664 416 416 
01100101 6240 1664 416 416 
01100110 6240 2080 416 416 
01100111 5824 2080 416 416 
01101100 4992 2496 416 416 
01101101 5408 2496 416 416 
01101110 5408 2912 416 416 
01101111 4992 2912 416 416 
01101000 5824 2496 416 416 
01101001 6240 2496 416 416 
01101010 6240 2912 416 416 
01101011 5824 2912 416 416 
1100 0 3328 1664 1664 
1101 1664 3328 1664 1664 
1110 1664 4992 1664 1664 
1111 0 4992 1664 1664 
110000 0 3328 832 832 
110001 832 3328 832 832 
110010 832 4160 832 832 
110011 0 4160 832 832 
11000000 0 3328 416 416 
11000001 416 3328 416 416 
11000010 416 3744 416 416 
11000011 0 3744 416 416 
11000100 832 3328 416 416 
11000101 1248 3328 416 416 
11000110 1248 3744 416 416 
11000111 832 3744 416 416 
11001100 0 4160 416 416 
11001101 416 4160 416 416 
11001110 416 4576 416 416 
11001111 0 4576 416 416 
11001000 832 4160 416 416 
11001001 1248 4160 416 416 
11001010 1248 4576 416 416 
11001011 832 4576 416 416 
110100 1664 3328 832 832 
110101 2496 3328 832 832 
110110 2496 4160 832 832 
110111 1664 4160 832 832 
11010000 1664 3328 416 416 
11010001 2080 3328 416 416 
11010010 2080 3744 416 416 
11010011 1664 3744 416 416 
11010100 2496 3328 416 416 
11010101 2912 3328 416 416 
11010110 2912 3744 416 416 
11010111 2496 3744 416 416 
11011100 1664 4160 416 416 
11011101 2080 4160 416 416 
11011110 2080 4576 416 416 
11011111 1664 4576 416 416 
11011000 2496 4160 416 416 
11011001 2912 4160 416 416 
11011010 2912 4576 416 416 
11011011 2496 4576 416 416 
111100 0 4992 832 832 
111101 832 4992 832 832 
111110 832 5824 832 832 
111111 0 5824 832 832 
11110000 0 4992 416 416 
11110001 416 4992 416 416 
11110010 416 5408 416 416 
11110011 0 5408 416 416 
11110100 832 4992 416 416 
11110101 1248 4992 416 416 
11110110 1248 5408 416 416 
11110111 832 5408 416 416 
11111100 0 5824 416 416 
11111101 416 5824 416 416 
11111110 416 6240 416 416 
11111111 0 6240 416 416 
11111000 832 5824 416 416 
11111001 1248 5824 416 416 
11111010 1248 6240 416 416 
11111011 832 6240 416 416 
111000 1664 4992 832 832 
111001 2496 4992 832 832 
111010 2496 5824 832 832 
111011 1664 5824 832 832 
11100000 1664 4992 416 416 
11100001 2080 4992 416 416 
11100010 2080 5408 416 416 
11100011 1664 5408 416 416 
11100100 2496 4992 416 416 
11100101 2912 4992 416 416 
11100110 2912 5408 416 416 
11100111 2496 5408 416 416 
11101100 1664 5824 416 416 
11101101 2080 5824 416 416 
11101110 2080 6240 416 416 
11101111 1664 6240 416 416 
11101000 2496 5824 416 416 
11101001 2912 5824 416 416 
11101010 2912 6240 416 416 
11101011 2496 6240 416 416 
1000 3328 3328 1664 1664 
1001 4992 3328 1664 1664 
1010 4992 4992 1664 1664 
1011 3328 4992 1664 1664 
100000 3328 3328 832 832 
100001 4160 3328 832 832 
100010 4160 4160 832 832 
100011 3328 4160 832 832 
10000000 3328 3328 416 416 
10000001 3744 3328 416 416 
10000010 3744 3744 416 416 
10000011 3328 3744 416 416 
10000100 4160 3328 416 416 
10000101 4576 3328 416 416 
10000110 4576 3744 416 416 
10000111 4160 3744 416 416 
10001100 3328 4160 416 416 
10001101 3744 4160 416 416 
10001110 3744 4576 416 416 
10001111 3328 4576 416 416 
10001000 4160 4160 416 416 
10001001 4576 4160 416 416 
10001010 4576 4576 416 416 
10001011 4160 4576 416 416 
100100 4992 3328 832 832 
100101 5824 3328 832 832 
100110 5824 4160 832 832 
100111 4992 4160 832 832 
10010000 4992 3328 416 416 
10010001 5408 3328 416 416 
10010010 5408 3744 416 416 
10010011 4992 3744 416 416 
10010100 5824 3328 416 416 
10010101 6240 3328 416 416 
10010110 6240 3744 416 416 
10010111 5824 3744 416 416 
10011100 4992 4160 416 416 
10011101 5408 4160 416 416 
10011110 5408 4576 416 416 
10011111 4992 4576 416 416 
10011000 5824 4160 416 416 
10011001 6240 4160 416 416 
10011010 6240 4576 416 416 
10011011 5824 4576 416 416 
101100 3328 4992 832 832 
101101 4160 4992 832 832 
101110 4160 5824 832 832 
101111 3328 5824 832 832 
10110000 3328 4992 416 416 
10110001 3744 4992 416 416 
10110010 3744 5408 416 416 
10110011 3328 5408 416 416 
10110100 4160 4992 416 416 
10110101 4576 4992 416 416 
10110110 4576 5408 416 416 
10110111 4160 5408 416 416 
10111100 3328 5824 416 416 
10111101 3744 5824 416 416 
10111110 3744 6240 416 416 
10111111 3328 6240 416 416 
10111000 4160 5824 416 416 
10111001 4576 5824 416 416 
10111010 4576 6240 416 416 
10111011 4160 6240 416 416 
101000 4992 4992 832 832 
101001 5824 4992 832 832 
101010 5824 5824 832 832 
101011 4992 5824 832 832 
10100000 4992 4992 416 416 
10100001 5408 4992 416 416 
10100010 5408 5408 416 416 
10100011 4992 5408 416 416 
10100100 5824 4992 416 416 
10100101 6240 4992 416 416 
10100110 6240 5408 416 416 
10100111 5824 5408 416 416 
10101100 4992 5824 416 416 
10101101 5408 5824 416 416 
10101110 5408 6240 416 416 
10101111 4992 6240 416 416 
10101000 5824 5824 416 416 
10101001 6240 5824 416 416 
10101010 6240 6240 416 416 
10101011 5824 6240 416 416 
