1 12 0 84 512 16 
2 12 320 148 192 16 
3 12 320 340 192 16 
4 12 256 212 192 16 
5 12 127 531 192 16 
6 12 192 276 256 16 
7 12 0 340 256 16 
8 12 256 436 256 16 
9 12 0 595 256 16 
10 12 64 404 128 16 
11 12 1 468 128 16 
12 12 384 500 128 16 
13 12 384 724 128 16 
14 12 0 724 128 16 
15 12 64 884 128 16 
16 12 64 660 320 16 
17 12 256 820 256 16 
18 12 0 948 256 16 
19 12 64 820 64 16 
20 12 320 980 192 16 
21 12 0 1044 512 16 
22 12 0 1140 128 16 
23 12 64 1364 128 16 
24 12 64 1492 192 16 
25 12 0 1236 256 16 
26 12 256 1428 256 16 
27 12 128 1300 384 16 
28 12 1 1556 128 16 
29 12 384 1716 128 16 
30 12 0 1812 128 16 
31 12 64 1876 128 16 
32 12 0 1940 128 16 
33 12 0 1652 512 16 
34 12 320 1780 192 16 
35 12 256 1844 192 16 
36 12 64 2068 192 16 
37 12 320 2068 192 16 
38 12 0 2132 192 16 
39 12 384 1972 128 16 
40 12 256 2356 128 16 
41 12 320 2420 128 16 
42 12 256 2548 128 16 
43 12 320 2260 64 16 
44 12 0 2484 64 16 
45 12 384 2868 64 16 
46 12 128 2484 192 16 
47 12 64 2708 192 16 
48 12 128 2804 192 16 
49 12 319 2932 192 16 
50 12 64 2964 192 16 
51 12 1 3060 192 16 
52 12 384 2804 128 16 
53 12 128 2644 320 16 
54 12 384 3220 128 16 
55 12 320 3284 192 16 
56 12 193 3508 192 16 
57 12 320 3604 192 16 
58 12 1 3444 192 16 
59 12 256 3412 256 16 
60 12 1 3572 256 16 
61 12 1 3348 448 16 
62 12 64 3668 128 16 
63 12 256 3732 256 16 
64 12 0 3828 512 16 
65 12 0 3924 512 16 
66 48 256 641 64 64 
67 26 68 573 56 56 
68 26 388 700 56 56 
69 26 324 765 56 56 
70 26 134 826 56 56 
71 26 259 957 56 56 
72 49 257 895 64 64 
73 6 422 1106 48 64 
74 29 304 1199 31 64 
75 11 448 1603 64 64 
76 25 328 1683 32 32 
77 25 153 1682 32 32 
78 11 0 1920 64 64 
79 21 226 1979 64 64 
80 21 226 2204 64 64 
81 11 1 2336 64 64 
82 29 144 2384 31 64 
83 29 433 2609 31 64 
84 52 321 2623 64 64 
85 11 447 2752 64 64 
86 11 0 2883 64 64 
87 11 64 3040 64 64 
88 1 418 3008 64 64 
89 50 1 2977 64 64 
90 21 259 3153 64 64 
91 6 45 3633 48 64 
92 34 0 4319 512 388 
0 -1 0 240 512 448 
0 -1 40 240 36 46 
