0 0 0 4352 4352
00 0 0 2176 2176 
01 2176 0 2176 2176 
10 2176 2176 2176 2176 
11 0 2176 2176 2176 
0000 0 0 1088 1088 
0001 1088 0 1088 1088 
0010 1088 1088 1088 1088 
0011 0 1088 1088 1088 
000000 0 0 544 544 
000001 544 0 544 544 
000010 544 544 544 544 
000011 0 544 544 544 
00000000 0 0 272 272 1,4,6, 
00000001 272 0 272 272 1,2,4,6, 
00000010 272 272 272 272 3,5,6,8,12, 
00000011 0 272 272 272 5,6,7,8,10,11,66,70, 
00000100 544 0 272 272 
00000101 816 0 272 272 
00000110 816 272 272 272 
00000111 544 272 272 272 
00001100 0 544 272 272 9,14,16,17,19,67,69,70,73, 
00001101 272 544 272 272 13,16,17,68,69,71,72, 
00001110 272 816 272 272 17,20,21,74,75,76, 
00001111 0 816 272 272 15,17,18,19,21,73,74,75, 
00001000 544 544 272 272 
00001001 816 544 272 272 
00001010 816 816 272 272 
00001011 544 816 272 272 
000100 1088 0 544 544 
000101 1632 0 544 544 
000110 1632 544 544 544 
000111 1088 544 544 544 
00010000 1088 0 272 272 
00010001 1360 0 272 272 
00010010 1360 272 272 272 
00010011 1088 272 272 272 
00010100 1632 0 272 272 
00010101 1904 0 272 272 
00010110 1904 272 272 272 
00010111 1632 272 272 272 
00011100 1088 544 272 272 
00011101 1360 544 272 272 
00011110 1360 816 272 272 
00011111 1088 816 272 272 
00011000 1632 544 272 272 
00011001 1904 544 272 272 
00011010 1904 816 272 272 
00011011 1632 816 272 272 
001100 0 1088 544 544 
001101 544 1088 544 544 
001110 544 1632 544 544 
001111 0 1632 544 544 
00110000 0 1088 272 272 22,23,25,27, 
00110001 272 1088 272 272 27,76,77, 
00110010 272 1360 272 272 26,79,80, 
00110011 0 1360 272 272 23,24,26,28,78, 
00110100 544 1088 272 272 
00110101 816 1088 272 272 
00110110 816 1360 272 272 
00110111 544 1360 272 272 
00111100 0 1632 272 272 30,31,33,35,83, 
00111101 272 1632 272 272 29,33,34,35,81, 
00111110 272 1904 272 272 37,39,84,85, 
00111111 0 1904 272 272 32,36,38,83,84,85, 
00111000 544 1632 272 272 
00111001 816 1632 272 272 
00111010 816 1904 272 272 
00111011 544 1904 272 272 
001000 1088 1088 544 544 
001001 1632 1088 544 544 
001010 1632 1632 544 544 
001011 1088 1632 544 544 
00100000 1088 1088 272 272 
00100001 1360 1088 272 272 
00100010 1360 1360 272 272 
00100011 1088 1360 272 272 
00100100 1632 1088 272 272 
00100101 1904 1088 272 272 
00100110 1904 1360 272 272 
00100111 1632 1360 272 272 
00101100 1088 1632 272 272 
00101101 1360 1632 272 272 
00101110 1360 1904 272 272 
00101111 1088 1904 272 272 
00101000 1632 1632 272 272 
00101001 1904 1632 272 272 
00101010 1904 1904 272 272 
00101011 1632 1904 272 272 
0100 2176 0 1088 1088 
0101 3264 0 1088 1088 
0110 3264 1088 1088 1088 
0111 2176 1088 1088 1088 
010000 2176 0 544 544 
010001 2720 0 544 544 
010010 2720 544 544 544 
010011 2176 544 544 544 
01000000 2176 0 272 272 
01000001 2448 0 272 272 
01000010 2448 272 272 272 
01000011 2176 272 272 272 
01000100 2720 0 272 272 
01000101 2992 0 272 272 
01000110 2992 272 272 272 
01000111 2720 272 272 272 
01001100 2176 544 272 272 
01001101 2448 544 272 272 
01001110 2448 816 272 272 
01001111 2176 816 272 272 
01001000 2720 544 272 272 
01001001 2992 544 272 272 
01001010 2992 816 272 272 
01001011 2720 816 272 272 
010100 3264 0 544 544 
010101 3808 0 544 544 
010110 3808 544 544 544 
010111 3264 544 544 544 
01010000 3264 0 272 272 
01010001 3536 0 272 272 
01010010 3536 272 272 272 
01010011 3264 272 272 272 
01010100 3808 0 272 272 
01010101 4080 0 272 272 
01010110 4080 272 272 272 
01010111 3808 272 272 272 
01011100 3264 544 272 272 
01011101 3536 544 272 272 
01011110 3536 816 272 272 
01011111 3264 816 272 272 
01011000 3808 544 272 272 
01011001 4080 544 272 272 
01011010 4080 816 272 272 
01011011 3808 816 272 272 
011100 2176 1088 544 544 
011101 2720 1088 544 544 
011110 2720 1632 544 544 
011111 2176 1632 544 544 
01110000 2176 1088 272 272 
01110001 2448 1088 272 272 
01110010 2448 1360 272 272 
01110011 2176 1360 272 272 
01110100 2720 1088 272 272 
01110101 2992 1088 272 272 
01110110 2992 1360 272 272 
01110111 2720 1360 272 272 
01111100 2176 1632 272 272 
01111101 2448 1632 272 272 
01111110 2448 1904 272 272 
01111111 2176 1904 272 272 
01111000 2720 1632 272 272 
01111001 2992 1632 272 272 
01111010 2992 1904 272 272 
01111011 2720 1904 272 272 
011000 3264 1088 544 544 
011001 3808 1088 544 544 
011010 3808 1632 544 544 
011011 3264 1632 544 544 
01100000 3264 1088 272 272 
01100001 3536 1088 272 272 
01100010 3536 1360 272 272 
01100011 3264 1360 272 272 
01100100 3808 1088 272 272 
01100101 4080 1088 272 272 
01100110 4080 1360 272 272 
01100111 3808 1360 272 272 
01101100 3264 1632 272 272 
01101101 3536 1632 272 272 
01101110 3536 1904 272 272 
01101111 3264 1904 272 272 
01101000 3808 1632 272 272 
01101001 4080 1632 272 272 
01101010 4080 1904 272 272 
01101011 3808 1904 272 272 
1100 0 2176 1088 1088 
1101 1088 2176 1088 1088 
1110 1088 3264 1088 1088 
1111 0 3264 1088 1088 
110000 0 2176 544 544 
110001 544 2176 544 544 
110010 544 2720 544 544 
110011 0 2720 544 544 
11000000 0 2176 272 272 40,85,86,87, 
11000001 272 2176 272 272 40,41,43,85, 
11000010 272 2448 272 272 42,46,53,88,90,92,93, 
11000011 0 2448 272 272 42,44,46,47,53,89,91, 
11000100 544 2176 272 272 
11000101 816 2176 272 272 
11000110 816 2448 272 272 
11000111 544 2448 272 272 
11001100 0 2720 272 272 48,50,91,94,95,97, 
11001101 272 2720 272 272 45,48,49,52,93,96, 
11001110 272 2992 272 272 54,96,98, 
11001111 0 2992 272 272 51,95,98, 
11001000 544 2720 272 272 
11001001 816 2720 272 272 
11001010 816 2992 272 272 
11001011 544 2992 272 272 
110100 1088 2176 544 544 
110101 1632 2176 544 544 
110110 1632 2720 544 544 
110111 1088 2720 544 544 
11010000 1088 2176 272 272 
11010001 1360 2176 272 272 
11010010 1360 2448 272 272 
11010011 1088 2448 272 272 
11010100 1632 2176 272 272 
11010101 1904 2176 272 272 
11010110 1904 2448 272 272 
11010111 1632 2448 272 272 
11011100 1088 2720 272 272 
11011101 1360 2720 272 272 
11011110 1360 2992 272 272 
11011111 1088 2992 272 272 
11011000 1632 2720 272 272 
11011001 1904 2720 272 272 
11011010 1904 2992 272 272 
11011011 1632 2992 272 272 
111100 0 3264 544 544 
111101 544 3264 544 544 
111110 544 3808 544 544 
111111 0 3808 544 544 
11110000 0 3264 272 272 56,58,59,61,99,100, 
11110001 272 3264 272 272 55,56,59,61, 
11110010 272 3536 272 272 57,63, 
11110011 0 3536 272 272 60,62,63,101, 
11110100 544 3264 272 272 
11110101 816 3264 272 272 
11110110 816 3536 272 272 
11110111 544 3536 272 272 
11111100 0 3808 272 272 64,65,102, 
11111101 272 3808 272 272 64,65,102, 
11111110 272 4080 272 272 102, 
11111111 0 4080 272 272 102, 
11111000 544 3808 272 272 
11111001 816 3808 272 272 
11111010 816 4080 272 272 
11111011 544 4080 272 272 
111000 1088 3264 544 544 
111001 1632 3264 544 544 
111010 1632 3808 544 544 
111011 1088 3808 544 544 
11100000 1088 3264 272 272 
11100001 1360 3264 272 272 
11100010 1360 3536 272 272 
11100011 1088 3536 272 272 
11100100 1632 3264 272 272 
11100101 1904 3264 272 272 
11100110 1904 3536 272 272 
11100111 1632 3536 272 272 
11101100 1088 3808 272 272 
11101101 1360 3808 272 272 
11101110 1360 4080 272 272 
11101111 1088 4080 272 272 
11101000 1632 3808 272 272 
11101001 1904 3808 272 272 
11101010 1904 4080 272 272 
11101011 1632 4080 272 272 
1000 2176 2176 1088 1088 
1001 3264 2176 1088 1088 
1010 3264 3264 1088 1088 
1011 2176 3264 1088 1088 
100000 2176 2176 544 544 
100001 2720 2176 544 544 
100010 2720 2720 544 544 
100011 2176 2720 544 544 
10000000 2176 2176 272 272 
10000001 2448 2176 272 272 
10000010 2448 2448 272 272 
10000011 2176 2448 272 272 
10000100 2720 2176 272 272 
10000101 2992 2176 272 272 
10000110 2992 2448 272 272 
10000111 2720 2448 272 272 
10001100 2176 2720 272 272 
10001101 2448 2720 272 272 
10001110 2448 2992 272 272 
10001111 2176 2992 272 272 
10001000 2720 2720 272 272 
10001001 2992 2720 272 272 
10001010 2992 2992 272 272 
10001011 2720 2992 272 272 
100100 3264 2176 544 544 
100101 3808 2176 544 544 
100110 3808 2720 544 544 
100111 3264 2720 544 544 
10010000 3264 2176 272 272 
10010001 3536 2176 272 272 
10010010 3536 2448 272 272 
10010011 3264 2448 272 272 
10010100 3808 2176 272 272 
10010101 4080 2176 272 272 
10010110 4080 2448 272 272 
10010111 3808 2448 272 272 
10011100 3264 2720 272 272 
10011101 3536 2720 272 272 
10011110 3536 2992 272 272 
10011111 3264 2992 272 272 
10011000 3808 2720 272 272 
10011001 4080 2720 272 272 
10011010 4080 2992 272 272 
10011011 3808 2992 272 272 
101100 2176 3264 544 544 
101101 2720 3264 544 544 
101110 2720 3808 544 544 
101111 2176 3808 544 544 
10110000 2176 3264 272 272 
10110001 2448 3264 272 272 
10110010 2448 3536 272 272 
10110011 2176 3536 272 272 
10110100 2720 3264 272 272 
10110101 2992 3264 272 272 
10110110 2992 3536 272 272 
10110111 2720 3536 272 272 
10111100 2176 3808 272 272 
10111101 2448 3808 272 272 
10111110 2448 4080 272 272 
10111111 2176 4080 272 272 
10111000 2720 3808 272 272 
10111001 2992 3808 272 272 
10111010 2992 4080 272 272 
10111011 2720 4080 272 272 
101000 3264 3264 544 544 
101001 3808 3264 544 544 
101010 3808 3808 544 544 
101011 3264 3808 544 544 
10100000 3264 3264 272 272 
10100001 3536 3264 272 272 
10100010 3536 3536 272 272 
10100011 3264 3536 272 272 
10100100 3808 3264 272 272 
10100101 4080 3264 272 272 
10100110 4080 3536 272 272 
10100111 3808 3536 272 272 
10101100 3264 3808 272 272 
10101101 3536 3808 272 272 
10101110 3536 4080 272 272 
10101111 3264 4080 272 272 
10101000 3808 3808 272 272 
10101001 4080 3808 272 272 
10101010 4080 4080 272 272 
10101011 3808 4080 272 272 
